line,direction,datetime,hw_pos,busA,busB,headway,busB_ttls
132,1,2021-02-03 10:04:05.782889,4,4830,4831,62,1782
132,1,2021-02-03 10:04:55.803075,3,4830,4831,78,1747
132,1,2021-02-03 10:05:45.808753,3,4830,4831,105,1760
132,1,2021-02-03 10:06:35.887358,3,4830,4831,146,1740
132,1,2021-02-03 10:07:25.869570,3,4830,4831,150,1699
132,1,2021-02-03 10:08:15.878762,3,4830,4831,161,1662
132,1,2021-02-03 10:09:05.830750,3,4830,4831,151,1613
132,1,2021-02-03 10:09:55.956965,3,4830,4831,138,1562
132,1,2021-02-03 10:10:45.904777,3,4830,4831,141,1531
132,1,2021-02-03 10:11:35.902534,3,4830,4831,124,1486
132,1,2021-02-03 10:11:35.902534,4,4831,4832,337,1824
132,1,2021-02-03 10:12:25.721324,3,4830,4831,114,1436
132,1,2021-02-03 10:12:25.721324,4,4831,4832,327,1763
132,1,2021-02-03 10:13:15.917278,3,4830,4831,169,1407
132,1,2021-02-03 10:13:15.917278,4,4831,4832,322,1729
132,1,2021-02-03 10:14:05.925907,3,4830,4831,187,1362
132,1,2021-02-03 10:14:05.925907,4,4831,4832,365,1727
132,1,2021-02-03 10:14:55.911635,2,4830,4831,189,1330
132,1,2021-02-03 10:14:55.911635,3,4831,4832,374,1704
132,1,2021-02-03 10:15:45.901879,2,4830,4831,225,1307
132,1,2021-02-03 10:15:45.901879,3,4831,4832,329,1636
132,1,2021-02-03 10:16:35.936133,2,4830,4831,141,1214
132,1,2021-02-03 10:16:35.936133,3,4831,4832,386,1601
132,1,2021-02-03 10:17:25.917909,2,4830,4831,123,1184
132,1,2021-02-03 10:17:25.917909,3,4831,4832,385,1570
132,1,2021-02-03 10:18:15.983145,2,4830,4831,136,1141
132,1,2021-02-03 10:18:15.983145,3,4831,4832,381,1523
132,1,2021-02-03 10:19:05.955104,2,4830,4831,140,1115
132,1,2021-02-03 10:19:05.955104,3,4831,4832,374,1489
132,1,2021-02-03 10:19:55.910584,2,4830,4831,145,1089
132,1,2021-02-03 10:19:55.910584,3,4831,4832,351,1440
132,1,2021-02-03 10:20:45.944006,2,4830,4831,156,1037
132,1,2021-02-03 10:20:45.944006,3,4831,4832,360,1398
132,1,2021-02-03 10:21:35.931783,2,4830,4831,211,1006
132,1,2021-02-03 10:21:35.931783,3,4831,4832,369,1376
132,1,2021-02-03 10:22:25.935124,2,4830,4831,193,960
132,1,2021-02-03 10:22:25.935124,3,4831,4832,374,1335
132,1,2021-02-03 10:22:25.935124,4,4832,4833,480,1815
132,1,2021-02-03 10:23:15.947529,2,4830,4831,184,924
132,1,2021-02-03 10:23:15.947529,3,4831,4832,387,1311
132,1,2021-02-03 10:23:15.947529,4,4832,4833,463,1774
132,1,2021-02-03 10:24:05.911688,2,4830,4831,154,909
132,1,2021-02-03 10:24:05.911688,3,4831,4832,337,1246
132,1,2021-02-03 10:24:05.911688,4,4832,4833,499,1745
132,1,2021-02-03 10:24:55.986003,1,4830,4831,127,856
132,1,2021-02-03 10:24:55.986003,2,4831,4832,334,1191
132,1,2021-02-03 10:24:55.986003,3,4832,4833,513,1704
132,1,2021-02-03 10:25:46.030984,1,4830,4831,123,810
132,1,2021-02-03 10:25:46.030984,2,4831,4832,338,1148
132,1,2021-02-03 10:25:46.030984,3,4832,4833,541,1689
132,1,2021-02-03 10:25:46.030984,4,4833,4835,171,1860
132,1,2021-02-03 10:26:35.790087,1,4830,4831,132,774
132,1,2021-02-03 10:26:35.790087,2,4831,4832,339,1114
132,1,2021-02-03 10:26:35.790087,3,4832,4833,546,1660
132,1,2021-02-03 10:26:35.790087,4,4833,4835,174,1834
132,1,2021-02-03 10:27:25.902469,1,4830,4831,98,724
132,1,2021-02-03 10:27:25.902469,2,4831,4832,339,1064
132,1,2021-02-03 10:27:25.902469,3,4832,4833,548,1613
132,1,2021-02-03 10:27:25.902469,4,4833,4835,178,1791
132,1,2021-02-03 10:28:15.923418,1,4830,4831,168,760
132,1,2021-02-03 10:28:15.923418,2,4831,4832,272,1032
132,1,2021-02-03 10:28:15.923418,3,4832,4833,530,1563
132,1,2021-02-03 10:28:15.923418,4,4833,4835,160,1723
132,1,2021-02-03 10:29:05.864736,1,4830,4831,215,696
132,1,2021-02-03 10:29:05.864736,2,4831,4832,307,1003
132,1,2021-02-03 10:29:05.864736,3,4832,4833,543,1547
132,1,2021-02-03 10:29:05.864736,4,4833,4835,162,1709
132,1,2021-02-03 10:29:55.845279,1,4830,4831,220,672
132,1,2021-02-03 10:29:55.845279,2,4831,4832,281,953
132,1,2021-02-03 10:29:55.845279,3,4832,4833,547,1501
132,1,2021-02-03 10:29:55.845279,4,4833,4835,171,1672
132,1,2021-02-03 10:30:45.929925,1,4830,4831,269,659
132,1,2021-02-03 10:30:45.929925,2,4831,4832,236,896
132,1,2021-02-03 10:30:45.929925,3,4832,4833,595,1491
132,1,2021-02-03 10:30:45.929925,4,4833,4835,97,1588
132,1,2021-02-03 10:31:35.895182,1,4830,4831,241,599
132,1,2021-02-03 10:31:35.895182,2,4831,4832,256,856
132,1,2021-02-03 10:31:35.895182,3,4832,4833,595,1451
132,1,2021-02-03 10:31:35.895182,4,4833,4835,111,1563
132,1,2021-02-03 10:32:25.883048,1,4830,4831,223,541
132,1,2021-02-03 10:32:25.883048,2,4831,4832,300,841
132,1,2021-02-03 10:32:25.883048,3,4832,4833,572,1413
132,1,2021-02-03 10:32:25.883048,4,4833,4835,90,1504
132,1,2021-02-03 10:33:15.876693,1,4830,4831,217,485
132,1,2021-02-03 10:33:15.876693,2,4831,4832,327,813
132,1,2021-02-03 10:33:15.876693,3,4832,4833,568,1382
132,1,2021-02-03 10:33:15.876693,4,4833,4835,72,1454
132,1,2021-02-03 10:34:05.858979,1,4830,4831,188,463
132,1,2021-02-03 10:34:05.858979,2,4831,4832,316,780
132,1,2021-02-03 10:34:05.858979,3,4832,4833,578,1358
132,1,2021-02-03 10:34:05.858979,4,4833,4835,60,1418
132,1,2021-02-03 10:34:55.911472,1,4830,4831,193,397
132,1,2021-02-03 10:34:55.911472,2,4831,4832,348,745
132,1,2021-02-03 10:34:55.911472,3,4832,4833,589,1335
132,1,2021-02-03 10:34:55.911472,4,4833,4835,38,1374
132,1,2021-02-03 10:35:45.885103,1,4830,4831,201,344
132,1,2021-02-03 10:35:45.885103,2,4831,4832,420,765
132,1,2021-02-03 10:35:45.885103,3,4832,4833,501,1267
132,1,2021-02-03 10:35:45.885103,4,4833,4835,69,1337
132,1,2021-02-03 10:36:35.915876,1,4830,4831,249,342
132,1,2021-02-03 10:36:35.915876,2,4831,4832,331,673
132,1,2021-02-03 10:36:35.915876,3,4832,4833,542,1216
132,1,2021-02-03 10:36:35.915876,4,4833,4835,38,1254
132,1,2021-02-03 10:37:25.833860,1,4830,4831,222,303
132,1,2021-02-03 10:37:25.833860,2,4831,4832,279,583
132,1,2021-02-03 10:37:25.833860,3,4832,4833,583,1166
132,1,2021-02-03 10:37:25.833860,4,4833,4835,46,1212
132,1,2021-02-03 10:38:16.003179,1,4830,4831,182,229
132,1,2021-02-03 10:38:16.003179,2,4831,4832,304,534
132,1,2021-02-03 10:38:16.003179,3,4832,4833,602,1136
132,1,2021-02-03 10:38:16.003179,4,4833,4835,25,1162
132,1,2021-02-03 10:39:05.762247,1,4831,4832,256,473
132,1,2021-02-03 10:39:05.762247,2,4832,4833,547,1020
132,1,2021-02-03 10:39:05.762247,3,4833,4835,78,1099
132,1,2021-02-03 10:39:56.002030,1,4831,4832,218,435
132,1,2021-02-03 10:39:56.002030,2,4832,4833,547,982
132,1,2021-02-03 10:39:56.002030,3,4833,4835,76,1059
132,1,2021-02-03 10:40:45.829779,1,4831,4832,216,405
132,1,2021-02-03 10:40:45.829779,2,4832,4833,526,932
132,1,2021-02-03 10:40:45.829779,3,4833,4835,82,1014
132,1,2021-02-03 10:41:35.983347,1,4831,4832,242,387
132,1,2021-02-03 10:41:35.983347,2,4832,4833,498,886
132,1,2021-02-03 10:41:35.983347,3,4833,4835,79,965
132,1,2021-02-03 10:42:25.982302,1,4831,4832,251,337
132,1,2021-02-03 10:42:25.982302,2,4832,4833,504,842
132,1,2021-02-03 10:42:25.982302,3,4833,4835,80,923
132,1,2021-02-03 10:43:15.862971,1,4832,4833,468,829
132,1,2021-02-03 10:43:15.862971,2,4833,4835,65,894
132,1,2021-02-03 10:44:05.885109,1,4832,4833,447,787
132,1,2021-02-03 10:44:05.885109,2,4833,4835,79,867
132,1,2021-02-03 10:44:55.851104,1,4832,4833,450,726
132,1,2021-02-03 10:44:55.851104,2,4833,4835,64,791
132,1,2021-02-03 10:45:45.912995,1,4832,4833,494,734
132,1,2021-02-03 10:45:45.912995,2,4833,4835,33,767
132,1,2021-02-03 10:46:35.855322,1,4832,4833,450,659
132,1,2021-02-03 10:46:35.855322,2,4833,4835,59,718
132,1,2021-02-03 10:47:25.888623,1,4832,4833,468,623
132,1,2021-02-03 10:47:25.888623,2,4833,4835,57,681
132,1,2021-02-03 10:48:15.912584,1,4832,4833,478,579
132,1,2021-02-03 10:48:15.912584,2,4833,4835,42,622
132,1,2021-02-03 10:49:05.909835,1,4832,4833,412,507
132,1,2021-02-03 10:49:05.909835,2,4833,4835,71,579
132,1,2021-02-03 10:49:55.916383,1,4833,4835,39,511
132,1,2021-02-03 10:50:45.928035,1,4833,4835,38,494
132,1,2021-02-03 10:51:35.896183,1,4833,4835,21,410
132,1,2021-02-03 10:52:25.828525,1,4833,4835,-12,354
132,1,2021-02-03 10:53:15.851103,1,4833,4835,-11,362
132,1,2021-02-03 10:54:05.876286,1,4833,4835,-22,334
132,1,2021-02-03 10:54:55.848764,1,4833,4835,-6,270
132,1,2021-02-03 10:55:45.841243,1,4833,4835,-6,247
132,1,2021-02-03 10:56:35.848388,1,4833,4835,-17,208
132,1,2021-02-03 10:57:25.744913,1,4833,4835,-84,105
132,1,2021-02-03 10:58:15.851888,1,4833,4835,-114,36
